11111111111100101000001100010011
00000000000100101001001110010011
11111111111100101010010000010011
11111111111100101011010010010011
00000000000100101100010100010011
00000000000110000101010110010011
01000000000110000101011000010011
00000000001000101110011010010011
00000000010000101111011100010011
00000000010000101000001100110011
01000000010000101000001110110011
00000000001000101001010000110011
00000000011100110010010010110011
00000000011100110011010100110011
00000000101001001100010110110011
00000000001010010101011000110011
01000000001010010101011010110011
00000000101000101110011100110011
00000000100100111111011110110011
00000000000000000000000010000011
00000000001000000001000010000011
00000000000000000010000010000011
00000000001100000100000010000011
00000000000000000101000010000011
00000000000100001000110001100011
00000000000100001001101001100011
00000000000100001100100001100011
00000000000100001101011001100011
00000000000100001110010001100011
00000000000100001111001001100011
00000000000000101000000001101111
00000001000000100000000001100111
